0.925708 0.354879 -0.130865 0 
-0.339508 0.932113 0.126097 0 
0.16673 -0.0722994 0.983348 0 
0 0 0 1 
